451 152 2 2 2 2 2 2 2 2 2 1 2 2 0 1 1 1 1 4 5 5 5 5 5 5 5
448 145 0 6 6 7 7 7 7 7 7 7 7 4 7 7 7 7 7 7 7 7 7 7 7 7 7 7 7 7 7 7 7 7 7 7 7 7 7 0 0 6 7 7 0 0 6 7 0 0 6 0 0 7 0 0 7 0 0 7 0 0 0 7 0 0 0 0 1 2 2 1 2 2 1 2 1 2 2 0 1 2 2 0 1 1 1 1 1 1 1 1 6 1 1 1 6 1 1 6 1 0 1 1 6 1 0 0 1 0 0 1 0 0 0 0 1 0 0 0 2 2 3 3 3 0 3 3 0 3 2 3 2 3 2 2 3 2 2 3 4 4 5 4 5 4 4 5 0 0 0
446 123 2 2 2 2 2 2 2 2 2 2 2 0 0 6 7 7 7 7 7 7 7 7 7 7 7 7 7 7 7 2 3 3 5 3 3 3 3 3 3 3 1 3 3 3 3 3 3 3 3 3
446 143 7 7 5 7 7 7 7 7 7 6 7 7 7 7 7 7 7 7 7 7 7 7 7 7 7 7 1 7 7 7 7 7 7 7 7 7 0 7 7 7 0 0 0
444 168 0 1 0 7 0 0 0 0 0 7 0 7 0 0 6 0 0 6 0 0 6 0 0 6 0 0 6 0 0 6 7 0 0 6 7 0 0 6 0 0 1 2 2 3 3 3 4 4 2 3 4 4 2 4 4 2 4 4 2 4 4 2 4 4 2 3 3 0 0 1 1 1 1 1 1 1 1 1 6 1 1 1 6 1 1 6 1 1 1 6 1 1 6 1 1 6 1 0 1 0 1 0 0 1 0 0 1 0 0 0 1 0 0 1 0 0 0 0 0 1 0 0 0 0 0 0 1 0 0 0 0 0 0 0 0 0 0 0 0 0 0 0 0 0 0 0 0 0 0 0 0 0 0 0 1 2 2 3 4 4 4 4 4 4 4 4 4 4 4 4 4 4 4 4 4 4 4 4 4 4 4 4 4 4 4 4 5 4 4 4 4 4 4 5 4 4 4 4 5 4 4 4 4 5 4 4 5 4 4 5 4 4 5 4 5 3 6
443 117 0 6 0 0 7 0 0 0 0 0 0 1 0 0 1 4 4 4
427 172 1 1 1 1 1 1 7 1 1 1 0 0 0
406 193 2 2 2 2 2 1 2 2 0 1 1 1 1 1 1 1 6 1 0 1 0 1 0 0 1 0 0 0 1 0 0 0 1 0 0 0 0 0 0 1 0 0 0 0 0 0 0 0 0 0 0 0 0 0 0 0 0 0 0 0 0 0 0 0 0 0 0 0 7 0 0 0 0 7 0 0 7 0 0 7 0 0 7 7 0 0 6 0 0 0 6 6 4 5 5 2 5 5 5 2 5 5 5 5 2 5 5 5 5 2 5 5 5 5 5 5 5 5 5 5 5 5 5 5 6 6 4 6 6 5 6 5 6 6 6 6 4 4 4 3 4 4 3 4 4 3 4 4 4 3 4 4 4 4 3 4 4 4 4 4 4 4 4 4 4 4 4 5 5 5 5 6 6 5 6 5 6 6 5 6 6 6 6 5 6 6 6 6 6 6 0 0 7 1 0 0 0 0 7 6 6 6 7 6 6 7 6 7 6 6 7 7 7 0 0 1 1 1 6 1 1 6 1 1 6 1 1 6 1 1
404 151 2 2 2 2 2 2 2 2 2 2 2 2 2 2 2 1 2 2 2 1 2 1 2 2 0 2 2 0 1 1 1 2 2 0 1 1 1 1 1 6 1 1 6 1 1 6 1 0 1 0 1 0 0 0 0 0 1 0 0 0 0 0 0 0 0 0 7 0 0 0 0 0 0 7 0 0 7 0 0 6 0 0 6 7 1 1 1 1 1 1 1 1 1 1 1 0 1 1 1 0 1 1 1 0 0 0 0 1 1 1 1 1
399 178 1 1 1 1 2 1 1 7 1 1 1 1 1 1 1
397 134 0 6 6 7 7 7 7 7 0 0 6 7 0 0 7 0 0 0 7 0 0 0 0 7
384 93 2 2 2 2 2 2 2 2 2 1 2 2 1 2 2 0 1 2 2 0 1 1 1 1 1 1 1 1 6 1 1 1 6 1 1 6 1 0 1 0 0 1 0 0 1 0 0 0 0 0 1 0 0 0 0 7 0 0 0 0 7 0 0 6 7 7 7 7 7 6 6 6 7 6 6 5 6 6 6 4 6 6 4 5 5 5 5 5 5 2 5 5 2 5 4 5 4 5 4 4 5 5 2 5 5 5 2 5 5 5 5 5 6 6 7 0 0 0 2 2 0 1 1 1 1 6 1 1 6 1 1 6 1 0 1 0 1 0 0 1 1 1 6 1 1 1 6 1 1 7 0 0 7 0 0 6 0 0 6 7 0 0 6 0 0 6 7 7 7 7 2 3 3 3 3 3 3 3 5 5 5
382 115 1 1 1 1 1 1 7 7 7 5 5 5 5 5 5 5 5 6 6 6 6 6
379 82 0 6 7 7 7 0 0 6 0 0 6 0 7 0 0 0 7 0 0 0 0 0 0 0 0 0 0 0 0 0 0 0 0 0 1 0 0 0 0 1 0 0 1 0 0 1 0 0 1 0 0 1 1 6 1 1 1 6 1 1 1 1 6 1 1 1 1 1 6 1 1 1
360 91 1 1 1 1 0 0 0 0 1 1 1 1 1
352 182 1 1 1 1 1 1 1 1 1 1 1 1 1 1 1 1 1 1 1 1 1 1
339 150 0 3 2 2 2 1 2 2 2 2 2 2 2 2 2 2 2 2 3 1 1 1 6 1 0 1 1 6 1 0 0 7 5 6 6 6 5 6 6 6 6 6 6 6 5 6 6 6 6 6 6 6 6 6 6 6 6 6 6 6 4 4 2 3 3 3 3 4 7 7 7 7 7 7 7 7
331 80 0 0 0 1 1 1 0 1 1 1 0 1 1 1 1 1 1
327 140 2 2 2 2 2 2 2 2 2 2 2 2 2 2 2 2 2 2 1 2 2 2 2 2 2 2 1 2 2 2 2 1 2 2 2 1 2 2 2 1 2 2 1 2 2 1 2 1 2 2 0 2 2 0 2 2 0 2 2 0 2 2 0 2 2 0 1 2 2 0 1 1 2 2 0 1 1 1 1 2 5 5 5 5 5 5 6 5 5 5 6 6 6 6 6
313 97 0 6 6 7 7 7 7 7 7 4 7 7 7 7 7 7 7 7 7 7 0 3 3 3 3 3 5 3 3 3 3 3 3 2 3 3 3 1 3 3 3 3 3 3 3
303 213 1 1 1 1 1 1 6 1 1 1 6 1 1 1 6 1 1 6 1 1 6 1 1 6 1 1 6 1 0 1 0 1 0 0 0 1 0 0 1 0 0 0 0 1 0 0 0 0 0 0 0 0 0 0 1 0 0 0 0 0 0 0 7 0 0 0 0 0 0 0 0 0 7 0 0 0 0 7 0 0 0 7 0 0 7 0 0 7 0 7 0 7 0 0 6 0 0 6 0 0 6 7 0 0 6 7 0 0 6 7 7 0 0 6 7 7 7 7 7 7 7 7 7 7 7 7 7 4 7 7 7 4 7 7 4 7 7 7 4 7 7 4 7 7 4 7 7 4 7 6 7 6 6 7 6 7 6 6 6 7 6 6 7 6 6 6 7 6 6 6 6 7 6 6 6 6 6 6 6 6 6 7 6 6 6 6 6 6 6 6 6 6 6 5 6 6 6 6 6 6 6 6 6 5 6 6 6 6 5 6 6 6 5 6 6 6 5 6 6 5 6 6 5 6 5 6 6 4 6 6 4 6 6 4 6 6 4 6 6 4 5 6 6 4 5 5 6 6 4 5 5 5 6 6 4 5 5 5 5 5 5 5 5 5 2 5 5 5 5 2 5 5 2 5 5 2 5 5 2 5 5 2 5 5 2 5 5 4 4 5 4 5 4 4 4 5 4 4 4 5 4 4 4 5 4 4 4 4 4 4 4 5 4 4 4 4 4 4 4 4 4 4 4 4 4 4 3 4 4 4 4 4 4 3 4 4 4 4 3 4 4 4 3 4 4 3 4 3 4 4 3 4 4 2 4 4 2 3 4 4 2 4 4 2 3 4 7 7 7 7 7 1 1 1
286 142 2 2 2 2 2 2 2 1 2 2 1 1 1 1 3 6 5 5 5 5
286 165 2 2 2 2 2 2 2 2 1 2 2 0 2 2 0 1 1 1 1 4 5 5 5 5 5 5 5
284 160 0 6 7 0 3 3 3 3 3 3 3
283 136 0 6 6 0 0 6 7 0 3 3 3 3 3 3 3
282 143 2 2 2 2 2 1 2 2 0 1 2 2 0 0 1 1 2 2 2 4 4 2 4 4 2 3 3 2 3 2 2 2 2 2 2 2 1 2 2 0 1 1 1 1 4 5 5 5 5 5 5 5
279 137 0 6 0 0 6 0 0 0 7 1 0 0 0 1 1 1 1 1 2 2 1 2 2 2 2 2 2 2 4 4 2 3 3 3 3 6 7 7 7 7 7 7 7 7 7 7 2 2 2 2 2 2 0 1 1 2 2 2 2 2 2 2 2 3 2 2 3 3 6 7 7 7 7 7
278 182 1 0 0 1 0 0 0 0 7 0 0 0 6 0 0 6 7 7 7 7 7 4 7 6 7 6 6 6 6 6 6 6
277 131 0 0 0 0 0 0 0 0 0 1 0 0 1 1 1 1 1 2 2 0 2 2 1 2
275 179 0 0 0 0 0 0 0 6 0 0 6 7 7 7 2 3 3 3 3 3 3
268 156 2 2 2 0 2 2 0 1 1 1 1 2 2 2 2 2 2 2 3
249 119 0 3 2 2 2 2 2 0 1 1 1 0 0 0 7 7 7 7 2 3 3 3 3
249 188 0 3 2 2 2 2 2 0 1 1 1 0 0 0 7 7 7 7 2 3 3 3 3
248 118 0 6 0 0 0 0 0 0 0 1 2 2 0 2 2 2
248 187 0 6 0 7 0 0 0 1 1 1 1 2 2 2
228 106 2 2 2 2 2 2 2 2 2 2 2 2 2 2 2 2 2 2 2 2 2 1 3 2 2 2 2 2 2 2 2 0 1 1 4 5 5 5 5 5
228 181 2 2 2 2 1 3 1 3 2 2 2 2 2 2 2 2 2 2 2 2 2 2 2 1 2 2 2 2 2 2 0 0 1 7 7 7 2 3 3 3
226 103 0 0 0 0 1 2 2 2 2 2 2 2 2 2 2 2 1 2 2 2 2 2 2 3 2 2 2 2 2 2 2 2 2 2 2 2 2 2 3 4 7 7 7 7 7
226 176 0 0 0 0 1 2 2 1 2 2 2 2 2 2 2 2 2 2 2 2 2 2 2 2 2 2 2 2 2 2 2 2 3 2 2 2
207 79 1 1 1 0 1 1 1 7 1 1 1 1 1 1 2 1 1 1 1 2 1 1 1 2 2 2 2 2
205 218 7 7 7 0 7 7 7 7 7 7 7 7 7 7 5 7 7 7 6 6 6
190 208 0 3 1 1 0 0 0 0 0 0 0 0 0 0 7 0 0 6 0 0 6 7 7 7 7 7 4 7 6 7 6 6 6 7 6 6 6 6 6 5 6 6 6 5 5 5 6 6 4 5 5 3 3 2 3 2 2 2 3 3 0 3 3 0 3 3 0 3 3 0 3 3 0 3 3 3 0 3 3 3 0 3 3 3 3 0 7 7 7 7 6 6 6 6 6
189 88 0 0 7 0 0 0 0 0 0 1 0 0 0 1 1 1 1 1 1 1 1 2 2 1 2 2 2 1 2 2 2 2 2 3 2 2 2 3 3 3 3 3 3 4 6 5 6 6 5 6 6 5 5 6 6 6 4 5 6 6 4 6 6 4 6 6 4 6 6 4 5 6 6 4 5 5 6 6 4 6 6 6
176 89 0 0 1 1 1 1 1 1 3 3 3
